# source=last_training_epoch
boundary_label,x,y,phi_pred,phi_target,abs_error
G1,0.00000000,0.08088788,1.00000000e+00,1.00000000e+00,0.00000000e+00
G1,0.00000000,0.89513904,1.00000000e+00,1.00000000e+00,0.00000000e+00
G1,0.00000000,0.88205886,1.00000000e+00,1.00000000e+00,0.00000000e+00
G1,0.00000000,0.85274142,1.00000000e+00,1.00000000e+00,0.00000000e+00
G1,0.00000000,0.33213812,1.00000000e+00,1.00000000e+00,0.00000000e+00
G1,0.00000000,0.90367031,1.00000000e+00,1.00000000e+00,0.00000000e+00
G1,0.00000000,0.90905803,1.00000000e+00,1.00000000e+00,0.00000000e+00
G1,0.00000000,0.51240271,1.00000000e+00,1.00000000e+00,0.00000000e+00
G1,0.00000000,0.28985810,1.00000000e+00,1.00000000e+00,0.00000000e+00
G1,0.00000000,0.52933496,1.00000000e+00,1.00000000e+00,0.00000000e+00
G1,0.00000000,0.68072903,1.00000000e+00,1.00000000e+00,0.00000000e+00
G1,0.00000000,0.45399413,1.00000000e+00,1.00000000e+00,0.00000000e+00
G1,0.00000000,0.10912989,1.00000000e+00,1.00000000e+00,0.00000000e+00
G1,0.00000000,0.20899412,1.00000000e+00,1.00000000e+00,0.00000000e+00
G1,0.00000000,0.97854906,1.00000000e+00,1.00000000e+00,0.00000000e+00
G1,0.00000000,0.52254224,1.00000000e+00,1.00000000e+00,0.00000000e+00
G1,0.00000000,0.97848070,1.00000000e+00,1.00000000e+00,0.00000000e+00
G1,0.00000000,0.63127583,1.00000000e+00,1.00000000e+00,0.00000000e+00
G1,0.00000000,0.45234874,1.00000000e+00,1.00000000e+00,0.00000000e+00
G1,0.00000000,0.40664327,1.00000000e+00,1.00000000e+00,0.00000000e+00
G1,0.00000000,0.45770040,1.00000000e+00,1.00000000e+00,0.00000000e+00
G1,0.00000000,0.85238570,1.00000000e+00,1.00000000e+00,0.00000000e+00
G1,0.00000000,0.39278635,1.00000000e+00,1.00000000e+00,0.00000000e+00
G1,0.00000000,0.76231301,1.00000000e+00,1.00000000e+00,0.00000000e+00
G1,0.00000000,0.78338265,1.00000000e+00,1.00000000e+00,0.00000000e+00
G1,0.00000000,0.78766346,1.00000000e+00,1.00000000e+00,0.00000000e+00
G1,0.00000000,0.07141218,1.00000000e+00,1.00000000e+00,0.00000000e+00
G1,0.00000000,0.60627866,1.00000000e+00,1.00000000e+00,0.00000000e+00
G1,0.00000000,0.04455531,1.00000000e+00,1.00000000e+00,0.00000000e+00
G1,0.00000000,0.08610901,1.00000000e+00,1.00000000e+00,0.00000000e+00
G1,0.00000000,0.92615813,1.00000000e+00,1.00000000e+00,0.00000000e+00
G1,0.00000000,0.93621290,1.00000000e+00,1.00000000e+00,0.00000000e+00
G1,0.00000000,0.46494582,1.00000000e+00,1.00000000e+00,0.00000000e+00
G1,0.00000000,0.98886418,1.00000000e+00,1.00000000e+00,0.00000000e+00
G1,0.00000000,0.08006734,1.00000000e+00,1.00000000e+00,0.00000000e+00
G1,0.00000000,0.64678162,1.00000000e+00,1.00000000e+00,0.00000000e+00
G1,0.00000000,0.84381127,1.00000000e+00,1.00000000e+00,0.00000000e+00
G1,0.00000000,0.51460594,1.00000000e+00,1.00000000e+00,0.00000000e+00
G1,0.00000000,0.43351626,1.00000000e+00,1.00000000e+00,0.00000000e+00
G1,0.00000000,0.01499156,1.00000000e+00,1.00000000e+00,0.00000000e+00
G1,0.00000000,0.37618425,1.00000000e+00,1.00000000e+00,0.00000000e+00
G1,0.00000000,0.65292782,1.00000000e+00,1.00000000e+00,0.00000000e+00
G1,0.00000000,0.62012506,1.00000000e+00,1.00000000e+00,0.00000000e+00
G1,0.00000000,0.65603441,1.00000000e+00,1.00000000e+00,0.00000000e+00
G1,0.00000000,0.18066159,1.00000000e+00,1.00000000e+00,0.00000000e+00
G1,0.00000000,0.48596469,1.00000000e+00,1.00000000e+00,0.00000000e+00
G1,0.00000000,0.97470719,1.00000000e+00,1.00000000e+00,0.00000000e+00
G1,0.00000000,0.33947051,1.00000000e+00,1.00000000e+00,0.00000000e+00
G1,0.00000000,0.83145452,1.00000000e+00,1.00000000e+00,0.00000000e+00
G1,0.00000000,0.21196836,1.00000000e+00,1.00000000e+00,0.00000000e+00
G1,0.00000000,0.96562624,1.00000000e+00,1.00000000e+00,0.00000000e+00
G1,0.00000000,0.92703122,1.00000000e+00,1.00000000e+00,0.00000000e+00
G1,0.00000000,0.31145155,1.00000000e+00,1.00000000e+00,0.00000000e+00
G1,0.00000000,0.42764229,1.00000000e+00,1.00000000e+00,0.00000000e+00
G1,0.00000000,0.73064953,1.00000000e+00,1.00000000e+00,0.00000000e+00
G1,0.00000000,0.69467849,1.00000000e+00,1.00000000e+00,0.00000000e+00
G1,0.00000000,0.12591755,1.00000000e+00,1.00000000e+00,0.00000000e+00
G1,0.00000000,0.50614071,1.00000000e+00,1.00000000e+00,0.00000000e+00
G1,0.00000000,0.82084125,1.00000000e+00,1.00000000e+00,0.00000000e+00
G1,0.00000000,0.96267331,1.00000000e+00,1.00000000e+00,0.00000000e+00
G1,0.00000000,0.84491342,1.00000000e+00,1.00000000e+00,0.00000000e+00
G1,0.00000000,0.49644011,1.00000000e+00,1.00000000e+00,0.00000000e+00
G1,0.00000000,0.44027239,1.00000000e+00,1.00000000e+00,0.00000000e+00
G1,0.00000000,0.23343061,1.00000000e+00,1.00000000e+00,0.00000000e+00
G1,0.00000000,0.38451898,1.00000000e+00,1.00000000e+00,0.00000000e+00
G1,0.00000000,0.58782804,1.00000000e+00,1.00000000e+00,0.00000000e+00
G1,0.00000000,0.33444092,1.00000000e+00,1.00000000e+00,0.00000000e+00
G1,0.00000000,0.67784566,1.00000000e+00,1.00000000e+00,0.00000000e+00
G1,0.00000000,0.76902539,1.00000000e+00,1.00000000e+00,0.00000000e+00
G1,0.00000000,0.83615083,1.00000000e+00,1.00000000e+00,0.00000000e+00
G1,0.00000000,0.06711847,1.00000000e+00,1.00000000e+00,0.00000000e+00
G1,0.00000000,0.12360471,1.00000000e+00,1.00000000e+00,0.00000000e+00
G1,0.00000000,0.25701901,1.00000000e+00,1.00000000e+00,0.00000000e+00
G1,0.00000000,0.84983099,1.00000000e+00,1.00000000e+00,0.00000000e+00
G1,0.00000000,0.58937931,1.00000000e+00,1.00000000e+00,0.00000000e+00
G1,0.00000000,0.31278336,1.00000000e+00,1.00000000e+00,0.00000000e+00
G1,0.00000000,0.81313950,1.00000000e+00,1.00000000e+00,0.00000000e+00
G1,0.00000000,0.38729432,1.00000000e+00,1.00000000e+00,0.00000000e+00
G1,0.00000000,0.75460345,1.00000000e+00,1.00000000e+00,0.00000000e+00
G1,0.00000000,0.37051299,1.00000000e+00,1.00000000e+00,0.00000000e+00
G1,0.00000000,0.50801122,1.00000000e+00,1.00000000e+00,0.00000000e+00
G1,0.00000000,0.13239437,1.00000000e+00,1.00000000e+00,0.00000000e+00
G1,0.00000000,0.97770226,1.00000000e+00,1.00000000e+00,0.00000000e+00
G1,0.00000000,0.92725158,1.00000000e+00,1.00000000e+00,0.00000000e+00
G1,0.00000000,0.23350389,1.00000000e+00,1.00000000e+00,0.00000000e+00
G1,0.00000000,0.05827711,1.00000000e+00,1.00000000e+00,0.00000000e+00
G1,0.00000000,0.21591347,1.00000000e+00,1.00000000e+00,0.00000000e+00
G1,0.00000000,0.94071400,1.00000000e+00,1.00000000e+00,0.00000000e+00
G1,0.00000000,0.85278046,1.00000000e+00,1.00000000e+00,0.00000000e+00
G1,0.00000000,0.71809787,1.00000000e+00,1.00000000e+00,0.00000000e+00
G1,0.00000000,0.05160345,1.00000000e+00,1.00000000e+00,0.00000000e+00
G1,0.00000000,0.50711405,1.00000000e+00,1.00000000e+00,0.00000000e+00
G1,0.00000000,0.67059225,1.00000000e+00,1.00000000e+00,0.00000000e+00
G1,0.00000000,0.67470485,1.00000000e+00,1.00000000e+00,0.00000000e+00
G1,0.00000000,0.03858211,1.00000000e+00,1.00000000e+00,0.00000000e+00
G1,0.00000000,0.38847491,1.00000000e+00,1.00000000e+00,0.00000000e+00
G2,1.00000000,0.06180270,0.00000000e+00,0.00000000e+00,0.00000000e+00
G2,1.00000000,0.08769565,0.00000000e+00,0.00000000e+00,0.00000000e+00
G2,1.00000000,0.48618063,0.00000000e+00,0.00000000e+00,0.00000000e+00
G2,1.00000000,0.19646110,0.00000000e+00,0.00000000e+00,0.00000000e+00
G2,1.00000000,0.13965152,0.00000000e+00,0.00000000e+00,0.00000000e+00
G2,1.00000000,0.28721389,0.00000000e+00,0.00000000e+00,0.00000000e+00
G2,1.00000000,0.05276706,0.00000000e+00,0.00000000e+00,0.00000000e+00
G2,1.00000000,0.72078550,0.00000000e+00,0.00000000e+00,0.00000000e+00
G2,1.00000000,0.98340982,0.00000000e+00,0.00000000e+00,0.00000000e+00
G2,1.00000000,0.91647911,0.00000000e+00,0.00000000e+00,0.00000000e+00
G2,1.00000000,0.44629395,0.00000000e+00,0.00000000e+00,0.00000000e+00
G2,1.00000000,0.91873616,0.00000000e+00,0.00000000e+00,0.00000000e+00
G2,1.00000000,0.70559675,0.00000000e+00,0.00000000e+00,0.00000000e+00
G2,1.00000000,0.16091980,0.00000000e+00,0.00000000e+00,0.00000000e+00
G2,1.00000000,0.13971029,0.00000000e+00,0.00000000e+00,0.00000000e+00
G2,1.00000000,0.45465767,0.00000000e+00,0.00000000e+00,0.00000000e+00
G2,1.00000000,0.14282323,0.00000000e+00,0.00000000e+00,0.00000000e+00
G2,1.00000000,0.90660667,0.00000000e+00,0.00000000e+00,0.00000000e+00
G2,1.00000000,0.59542608,0.00000000e+00,0.00000000e+00,0.00000000e+00
G2,1.00000000,0.83627075,0.00000000e+00,0.00000000e+00,0.00000000e+00
G2,1.00000000,0.66457742,0.00000000e+00,0.00000000e+00,0.00000000e+00
G2,1.00000000,0.15890571,0.00000000e+00,0.00000000e+00,0.00000000e+00
G2,1.00000000,0.46812588,0.00000000e+00,0.00000000e+00,0.00000000e+00
G2,1.00000000,0.46010798,0.00000000e+00,0.00000000e+00,0.00000000e+00
G2,1.00000000,0.39603287,0.00000000e+00,0.00000000e+00,0.00000000e+00
G2,1.00000000,0.62491590,0.00000000e+00,0.00000000e+00,0.00000000e+00
G2,1.00000000,0.05132783,0.00000000e+00,0.00000000e+00,0.00000000e+00
G2,1.00000000,0.19483432,0.00000000e+00,0.00000000e+00,0.00000000e+00
G2,1.00000000,0.81049109,0.00000000e+00,0.00000000e+00,0.00000000e+00
G2,1.00000000,0.28346139,0.00000000e+00,0.00000000e+00,0.00000000e+00
G2,1.00000000,0.40056249,0.00000000e+00,0.00000000e+00,0.00000000e+00
G2,1.00000000,0.83596057,0.00000000e+00,0.00000000e+00,0.00000000e+00
G2,1.00000000,0.03395664,0.00000000e+00,0.00000000e+00,0.00000000e+00
G2,1.00000000,0.07372002,0.00000000e+00,0.00000000e+00,0.00000000e+00
G2,1.00000000,0.72956485,0.00000000e+00,0.00000000e+00,0.00000000e+00
G2,1.00000000,0.18417737,0.00000000e+00,0.00000000e+00,0.00000000e+00
G2,1.00000000,0.71760863,0.00000000e+00,0.00000000e+00,0.00000000e+00
G2,1.00000000,0.84433550,0.00000000e+00,0.00000000e+00,0.00000000e+00
G2,1.00000000,0.28310141,0.00000000e+00,0.00000000e+00,0.00000000e+00
G2,1.00000000,0.87215894,0.00000000e+00,0.00000000e+00,0.00000000e+00
G2,1.00000000,0.36614165,0.00000000e+00,0.00000000e+00,0.00000000e+00
G2,1.00000000,0.56978804,0.00000000e+00,0.00000000e+00,0.00000000e+00
G2,1.00000000,0.50459325,0.00000000e+00,0.00000000e+00,0.00000000e+00
G2,1.00000000,0.07622714,0.00000000e+00,0.00000000e+00,0.00000000e+00
G2,1.00000000,0.96377122,0.00000000e+00,0.00000000e+00,0.00000000e+00
G2,1.00000000,0.65035874,0.00000000e+00,0.00000000e+00,0.00000000e+00
G2,1.00000000,0.23614773,0.00000000e+00,0.00000000e+00,0.00000000e+00
G2,1.00000000,0.26592803,0.00000000e+00,0.00000000e+00,0.00000000e+00
G2,1.00000000,0.18489419,0.00000000e+00,0.00000000e+00,0.00000000e+00
G2,1.00000000,0.88711339,0.00000000e+00,0.00000000e+00,0.00000000e+00
G2,1.00000000,0.04543396,0.00000000e+00,0.00000000e+00,0.00000000e+00
G2,1.00000000,0.19818699,0.00000000e+00,0.00000000e+00,0.00000000e+00
G2,1.00000000,0.15329871,0.00000000e+00,0.00000000e+00,0.00000000e+00
G2,1.00000000,0.57688689,0.00000000e+00,0.00000000e+00,0.00000000e+00
G2,1.00000000,0.07692242,0.00000000e+00,0.00000000e+00,0.00000000e+00
G2,1.00000000,0.42407626,0.00000000e+00,0.00000000e+00,0.00000000e+00
G2,1.00000000,0.36837757,0.00000000e+00,0.00000000e+00,0.00000000e+00
G2,1.00000000,0.86293858,0.00000000e+00,0.00000000e+00,0.00000000e+00
G2,1.00000000,0.12471528,0.00000000e+00,0.00000000e+00,0.00000000e+00
G2,1.00000000,0.39936981,0.00000000e+00,0.00000000e+00,0.00000000e+00
G2,1.00000000,0.32500467,0.00000000e+00,0.00000000e+00,0.00000000e+00
G2,1.00000000,0.61113673,0.00000000e+00,0.00000000e+00,0.00000000e+00
G2,1.00000000,0.47540683,0.00000000e+00,0.00000000e+00,0.00000000e+00
G2,1.00000000,0.41080284,0.00000000e+00,0.00000000e+00,0.00000000e+00
G2,1.00000000,0.32277247,0.00000000e+00,0.00000000e+00,0.00000000e+00
G2,1.00000000,0.16521783,0.00000000e+00,0.00000000e+00,0.00000000e+00
G2,1.00000000,0.89160150,0.00000000e+00,0.00000000e+00,0.00000000e+00
G2,1.00000000,0.42357594,0.00000000e+00,0.00000000e+00,0.00000000e+00
G2,1.00000000,0.68849128,0.00000000e+00,0.00000000e+00,0.00000000e+00
G2,1.00000000,0.77488244,0.00000000e+00,0.00000000e+00,0.00000000e+00
G2,1.00000000,0.92193985,0.00000000e+00,0.00000000e+00,0.00000000e+00
G2,1.00000000,0.12684758,0.00000000e+00,0.00000000e+00,0.00000000e+00
G2,1.00000000,0.20352596,0.00000000e+00,0.00000000e+00,0.00000000e+00
G2,1.00000000,0.82670832,0.00000000e+00,0.00000000e+00,0.00000000e+00
G2,1.00000000,0.97307527,0.00000000e+00,0.00000000e+00,0.00000000e+00
G2,1.00000000,0.31644100,0.00000000e+00,0.00000000e+00,0.00000000e+00
G2,1.00000000,0.37582141,0.00000000e+00,0.00000000e+00,0.00000000e+00
G2,1.00000000,0.36041829,0.00000000e+00,0.00000000e+00,0.00000000e+00
G2,1.00000000,0.46461070,0.00000000e+00,0.00000000e+00,0.00000000e+00
G2,1.00000000,0.07128487,0.00000000e+00,0.00000000e+00,0.00000000e+00
G2,1.00000000,0.20312604,0.00000000e+00,0.00000000e+00,0.00000000e+00
G2,1.00000000,0.20019242,0.00000000e+00,0.00000000e+00,0.00000000e+00
G2,1.00000000,0.69708502,0.00000000e+00,0.00000000e+00,0.00000000e+00
G2,1.00000000,0.82963264,0.00000000e+00,0.00000000e+00,0.00000000e+00
G2,1.00000000,0.67856759,0.00000000e+00,0.00000000e+00,0.00000000e+00
G2,1.00000000,0.23308876,0.00000000e+00,0.00000000e+00,0.00000000e+00
G2,1.00000000,0.31050983,0.00000000e+00,0.00000000e+00,0.00000000e+00
G2,1.00000000,0.80054289,0.00000000e+00,0.00000000e+00,0.00000000e+00
G2,1.00000000,0.31037509,0.00000000e+00,0.00000000e+00,0.00000000e+00
G2,1.00000000,0.23714393,0.00000000e+00,0.00000000e+00,0.00000000e+00
G2,1.00000000,0.99920261,0.00000000e+00,0.00000000e+00,0.00000000e+00
G2,1.00000000,0.04937891,0.00000000e+00,0.00000000e+00,0.00000000e+00
G2,1.00000000,0.84905136,0.00000000e+00,0.00000000e+00,0.00000000e+00
G2,1.00000000,0.40031078,0.00000000e+00,0.00000000e+00,0.00000000e+00
G2,1.00000000,0.48392886,0.00000000e+00,0.00000000e+00,0.00000000e+00
G2,1.00000000,0.59494239,0.00000000e+00,0.00000000e+00,0.00000000e+00
G3,0.50722951,0.00000000,4.92770493e-01,4.92770493e-01,0.00000000e+00
G3,0.14165856,0.00000000,8.58341455e-01,8.58341455e-01,0.00000000e+00
G3,0.85682237,0.00000000,1.43177629e-01,1.43177629e-01,0.00000000e+00
G3,0.61070907,0.00000000,3.89290929e-01,3.89290929e-01,0.00000000e+00
G3,0.02884664,0.00000000,9.71153378e-01,9.71153378e-01,0.00000000e+00
G3,0.34860891,0.00000000,6.51391089e-01,6.51391089e-01,0.00000000e+00
G3,0.55694348,0.00000000,4.43056524e-01,4.43056524e-01,0.00000000e+00
G3,0.25209597,0.00000000,7.47904062e-01,7.47904062e-01,0.00000000e+00
G3,0.78645355,0.00000000,2.13546455e-01,2.13546455e-01,0.00000000e+00
G3,0.18035859,0.00000000,8.19641411e-01,8.19641411e-01,0.00000000e+00
G3,0.13630150,0.00000000,8.63698483e-01,8.63698483e-01,0.00000000e+00
G3,0.83069754,0.00000000,1.69302464e-01,1.69302464e-01,0.00000000e+00
G3,0.18281843,0.00000000,8.17181587e-01,8.17181587e-01,0.00000000e+00
G3,0.14447513,0.00000000,8.55524898e-01,8.55524898e-01,0.00000000e+00
G3,0.76034689,0.00000000,2.39653111e-01,2.39653111e-01,0.00000000e+00
G3,0.64442664,0.00000000,3.55573356e-01,3.55573356e-01,0.00000000e+00
G3,0.94222832,0.00000000,5.77716827e-02,5.77716827e-02,0.00000000e+00
G3,0.64281285,0.00000000,3.57187152e-01,3.57187152e-01,0.00000000e+00
G3,0.89919144,0.00000000,1.00808561e-01,1.00808561e-01,0.00000000e+00
G3,0.92103779,0.00000000,7.89622068e-02,7.89622068e-02,0.00000000e+00
G3,0.86524403,0.00000000,1.34755969e-01,1.34755969e-01,0.00000000e+00
G3,0.63539422,0.00000000,3.64605784e-01,3.64605784e-01,0.00000000e+00
G3,0.17438971,0.00000000,8.25610280e-01,8.25610280e-01,0.00000000e+00
G3,0.60633969,0.00000000,3.93660307e-01,3.93660307e-01,0.00000000e+00
G3,0.51924568,0.00000000,4.80754316e-01,4.80754316e-01,0.00000000e+00
G3,0.95715368,0.00000000,4.28463221e-02,4.28463221e-02,0.00000000e+00
G3,0.67185122,0.00000000,3.28148782e-01,3.28148782e-01,0.00000000e+00
G3,0.86664200,0.00000000,1.33358002e-01,1.33358002e-01,0.00000000e+00
G3,0.17020613,0.00000000,8.29793870e-01,8.29793870e-01,0.00000000e+00
G3,0.63233095,0.00000000,3.67669046e-01,3.67669046e-01,0.00000000e+00
G3,0.21862508,0.00000000,7.81374931e-01,7.81374931e-01,0.00000000e+00
G3,0.72662371,0.00000000,2.73376286e-01,2.73376286e-01,0.00000000e+00
G3,0.42001545,0.00000000,5.79984546e-01,5.79984546e-01,0.00000000e+00
G3,0.90954691,0.00000000,9.04530883e-02,9.04530883e-02,0.00000000e+00
G3,0.80548847,0.00000000,1.94511533e-01,1.94511533e-01,0.00000000e+00
G3,0.69399685,0.00000000,3.06003153e-01,3.06003153e-01,0.00000000e+00
G3,0.50394523,0.00000000,4.96054769e-01,4.96054769e-01,0.00000000e+00
G3,0.67872447,0.00000000,3.21275532e-01,3.21275532e-01,0.00000000e+00
G3,0.95950192,0.00000000,4.04980779e-02,4.04980779e-02,0.00000000e+00
G3,0.39219168,0.00000000,6.07808352e-01,6.07808352e-01,0.00000000e+00
G3,0.35374111,0.00000000,6.46258891e-01,6.46258891e-01,0.00000000e+00
G3,0.59570396,0.00000000,4.04296041e-01,4.04296041e-01,0.00000000e+00
G3,0.50553191,0.00000000,4.94468093e-01,4.94468093e-01,0.00000000e+00
G3,0.51756048,0.00000000,4.82439518e-01,4.82439518e-01,0.00000000e+00
G3,0.97265267,0.00000000,2.73473263e-02,2.73473263e-02,0.00000000e+00
G3,0.72941518,0.00000000,2.70584822e-01,2.70584822e-01,0.00000000e+00
G3,0.18573278,0.00000000,8.14267218e-01,8.14267218e-01,0.00000000e+00
G3,0.61592048,0.00000000,3.84079516e-01,3.84079516e-01,0.00000000e+00
G3,0.82681799,0.00000000,1.73182011e-01,1.73182011e-01,0.00000000e+00
G3,0.21070972,0.00000000,7.89290309e-01,7.89290309e-01,0.00000000e+00
G3,0.18723369,0.00000000,8.12766314e-01,8.12766314e-01,0.00000000e+00
G3,0.88625002,0.00000000,1.13749981e-01,1.13749981e-01,0.00000000e+00
G3,0.40093616,0.00000000,5.99063873e-01,5.99063873e-01,0.00000000e+00
G3,0.66249812,0.00000000,3.37501884e-01,3.37501884e-01,0.00000000e+00
G3,0.84986526,0.00000000,1.50134742e-01,1.50134742e-01,0.00000000e+00
G3,0.44389820,0.00000000,5.56101799e-01,5.56101799e-01,0.00000000e+00
G3,0.05531540,0.00000000,9.44684625e-01,9.44684625e-01,0.00000000e+00
G3,0.14649457,0.00000000,8.53505433e-01,8.53505433e-01,0.00000000e+00
G3,0.82717460,0.00000000,1.72825396e-01,1.72825396e-01,0.00000000e+00
G3,0.86037415,0.00000000,1.39625847e-01,1.39625847e-01,0.00000000e+00
G3,0.33685616,0.00000000,6.63143873e-01,6.63143873e-01,0.00000000e+00
G3,0.12596302,0.00000000,8.74036968e-01,8.74036968e-01,0.00000000e+00
G3,0.77965772,0.00000000,2.20342278e-01,2.20342278e-01,0.00000000e+00
G3,0.64977002,0.00000000,3.50229979e-01,3.50229979e-01,0.00000000e+00
G3,0.56167251,0.00000000,4.38327491e-01,4.38327491e-01,0.00000000e+00
G3,0.34670487,0.00000000,6.53295159e-01,6.53295159e-01,0.00000000e+00
G3,0.75913298,0.00000000,2.40867019e-01,2.40867019e-01,0.00000000e+00
G3,0.75935501,0.00000000,2.40644991e-01,2.40644991e-01,0.00000000e+00
G3,0.75372463,0.00000000,2.46275365e-01,2.46275365e-01,0.00000000e+00
G3,0.99851900,0.00000000,1.48099661e-03,1.48099661e-03,0.00000000e+00
G3,0.49387601,0.00000000,5.06124020e-01,5.06124020e-01,0.00000000e+00
G3,0.93993074,0.00000000,6.00692630e-02,6.00692630e-02,0.00000000e+00
G3,0.60641682,0.00000000,3.93583179e-01,3.93583179e-01,0.00000000e+00
G3,0.62357932,0.00000000,3.76420677e-01,3.76420677e-01,0.00000000e+00
G3,0.21519290,0.00000000,7.84807086e-01,7.84807086e-01,0.00000000e+00
G3,0.05420728,0.00000000,9.45792735e-01,9.45792735e-01,0.00000000e+00
G3,0.56366318,0.00000000,4.36336815e-01,4.36336815e-01,0.00000000e+00
G3,0.62235582,0.00000000,3.77644181e-01,3.77644181e-01,0.00000000e+00
G3,0.28199226,0.00000000,7.18007743e-01,7.18007743e-01,0.00000000e+00
G3,0.90112144,0.00000000,9.88785625e-02,9.88785625e-02,0.00000000e+00
G3,0.25425428,0.00000000,7.45745718e-01,7.45745718e-01,0.00000000e+00
G3,0.90202695,0.00000000,9.79730487e-02,9.79730487e-02,0.00000000e+00
G3,0.62232155,0.00000000,3.77678454e-01,3.77678454e-01,0.00000000e+00
G3,0.52378756,0.00000000,4.76212442e-01,4.76212442e-01,0.00000000e+00
G3,0.92660069,0.00000000,7.33993053e-02,7.33993053e-02,0.00000000e+00
G3,0.87832028,0.00000000,1.21679723e-01,1.21679723e-01,0.00000000e+00
G3,0.14343542,0.00000000,8.56564581e-01,8.56564581e-01,0.00000000e+00
G3,0.71880823,0.00000000,2.81191766e-01,2.81191766e-01,0.00000000e+00
G3,0.65326005,0.00000000,3.46739948e-01,3.46739948e-01,0.00000000e+00
G3,0.63469487,0.00000000,3.65305126e-01,3.65305126e-01,0.00000000e+00
G3,0.78458118,0.00000000,2.15418816e-01,2.15418816e-01,0.00000000e+00
G3,0.06435391,0.00000000,9.35646057e-01,9.35646057e-01,0.00000000e+00
G3,0.68976253,0.00000000,3.10237467e-01,3.10237467e-01,0.00000000e+00
G3,0.71867597,0.00000000,2.81324029e-01,2.81324029e-01,0.00000000e+00
G3,0.30279601,0.00000000,6.97203994e-01,6.97203994e-01,0.00000000e+00
G3,0.07382889,0.00000000,9.26171124e-01,9.26171124e-01,0.00000000e+00
G4,0.34662047,1.00000000,6.53379560e-01,6.53379560e-01,0.00000000e+00
G4,0.34062010,1.00000000,6.59379900e-01,6.59379900e-01,0.00000000e+00
G4,0.18829744,1.00000000,8.11702549e-01,8.11702549e-01,0.00000000e+00
G4,0.11596198,1.00000000,8.84038031e-01,8.84038031e-01,0.00000000e+00
G4,0.62146151,1.00000000,3.78538489e-01,3.78538489e-01,0.00000000e+00
G4,0.15863542,1.00000000,8.41364563e-01,8.41364563e-01,0.00000000e+00
G4,0.41353795,1.00000000,5.86462021e-01,5.86462021e-01,0.00000000e+00
G4,0.28609481,1.00000000,7.13905215e-01,7.13905215e-01,0.00000000e+00
G4,0.89706373,1.00000000,1.02936268e-01,1.02936268e-01,0.00000000e+00
G4,0.06767578,1.00000000,9.32324231e-01,9.32324231e-01,0.00000000e+00
G4,0.47017530,1.00000000,5.29824734e-01,5.29824734e-01,0.00000000e+00
G4,0.40216815,1.00000000,5.97831845e-01,5.97831845e-01,0.00000000e+00
G4,0.24577062,1.00000000,7.54229367e-01,7.54229367e-01,0.00000000e+00
G4,0.58360976,1.00000000,4.16390240e-01,4.16390240e-01,0.00000000e+00
G4,0.28430241,1.00000000,7.15697587e-01,7.15697587e-01,0.00000000e+00
G4,0.32392693,1.00000000,6.76073074e-01,6.76073074e-01,0.00000000e+00
G4,0.63277191,1.00000000,3.67228091e-01,3.67228091e-01,0.00000000e+00
G4,0.92962968,1.00000000,7.03703165e-02,7.03703165e-02,0.00000000e+00
G4,0.96343762,1.00000000,3.65623832e-02,3.65623832e-02,0.00000000e+00
G4,0.23057300,1.00000000,7.69427001e-01,7.69427001e-01,0.00000000e+00
G4,0.31717983,1.00000000,6.82820201e-01,6.82820201e-01,0.00000000e+00
G4,0.07431731,1.00000000,9.25682664e-01,9.25682664e-01,0.00000000e+00
G4,0.93823206,1.00000000,6.17679358e-02,6.17679358e-02,0.00000000e+00
G4,0.68965399,1.00000000,3.10346007e-01,3.10346007e-01,0.00000000e+00
G4,0.84026802,1.00000000,1.59731984e-01,1.59731984e-01,0.00000000e+00
G4,0.77616417,1.00000000,2.23835826e-01,2.23835826e-01,0.00000000e+00
G4,0.33787808,1.00000000,6.62121892e-01,6.62121892e-01,0.00000000e+00
G4,0.53976220,1.00000000,4.60237801e-01,4.60237801e-01,0.00000000e+00
G4,0.67117900,1.00000000,3.28821003e-01,3.28821003e-01,0.00000000e+00
G4,0.18652651,1.00000000,8.13473463e-01,8.13473463e-01,0.00000000e+00
G4,0.04715363,1.00000000,9.52846348e-01,9.52846348e-01,0.00000000e+00
G4,0.43827939,1.00000000,5.61720610e-01,5.61720610e-01,0.00000000e+00
G4,0.72558922,1.00000000,2.74410784e-01,2.74410784e-01,0.00000000e+00
G4,0.23886752,1.00000000,7.61132479e-01,7.61132479e-01,0.00000000e+00
G4,0.50774640,1.00000000,4.92253602e-01,4.92253602e-01,0.00000000e+00
G4,0.24937014,1.00000000,7.50629842e-01,7.50629842e-01,0.00000000e+00
G4,0.54809934,1.00000000,4.51900661e-01,4.51900661e-01,0.00000000e+00
G4,0.06378787,1.00000000,9.36212122e-01,9.36212122e-01,0.00000000e+00
G4,0.99767685,1.00000000,2.32315063e-03,2.32315063e-03,0.00000000e+00
G4,0.50526839,1.00000000,4.94731605e-01,4.94731605e-01,0.00000000e+00
G4,0.05721542,1.00000000,9.42784607e-01,9.42784607e-01,0.00000000e+00
G4,0.75833654,1.00000000,2.41663456e-01,2.41663456e-01,0.00000000e+00
G4,0.10799715,1.00000000,8.92002821e-01,8.92002821e-01,0.00000000e+00
G4,0.81981403,1.00000000,1.80185974e-01,1.80185974e-01,0.00000000e+00
G4,0.89986807,1.00000000,1.00131929e-01,1.00131929e-01,0.00000000e+00
G4,0.06751157,1.00000000,9.32488441e-01,9.32488441e-01,0.00000000e+00
G4,0.57831621,1.00000000,4.21683788e-01,4.21683788e-01,0.00000000e+00
G4,0.90608037,1.00000000,9.39196348e-02,9.39196348e-02,0.00000000e+00
G4,0.49844685,1.00000000,5.01553178e-01,5.01553178e-01,0.00000000e+00
G4,0.67629576,1.00000000,3.23704243e-01,3.23704243e-01,0.00000000e+00
G4,0.00284803,1.00000000,9.97151971e-01,9.97151971e-01,0.00000000e+00
G4,0.50153452,1.00000000,4.98465478e-01,4.98465478e-01,0.00000000e+00
G4,0.04772633,1.00000000,9.52273667e-01,9.52273667e-01,0.00000000e+00
G4,0.66288745,1.00000000,3.37112546e-01,3.37112546e-01,0.00000000e+00
G4,0.02218067,1.00000000,9.77819324e-01,9.77819324e-01,0.00000000e+00
G4,0.82831758,1.00000000,1.71682417e-01,1.71682417e-01,0.00000000e+00
G4,0.87099159,1.00000000,1.29008412e-01,1.29008412e-01,0.00000000e+00
G4,0.12099039,1.00000000,8.79009604e-01,8.79009604e-01,0.00000000e+00
G4,0.10641734,1.00000000,8.93582642e-01,8.93582642e-01,0.00000000e+00
G4,0.26896271,1.00000000,7.31037259e-01,7.31037259e-01,0.00000000e+00
G4,0.03951924,1.00000000,9.60480750e-01,9.60480750e-01,0.00000000e+00
G4,0.28091660,1.00000000,7.19083428e-01,7.19083428e-01,0.00000000e+00
G4,0.66169560,1.00000000,3.38304400e-01,3.38304400e-01,0.00000000e+00
G4,0.04089339,1.00000000,9.59106624e-01,9.59106624e-01,0.00000000e+00
G4,0.83798265,1.00000000,1.62017345e-01,1.62017345e-01,0.00000000e+00
G4,0.58200729,1.00000000,4.17992711e-01,4.17992711e-01,0.00000000e+00
G4,0.49193349,1.00000000,5.08066535e-01,5.08066535e-01,0.00000000e+00
G4,0.07049700,1.00000000,9.29503024e-01,9.29503024e-01,0.00000000e+00
G4,0.33017808,1.00000000,6.69821918e-01,6.69821918e-01,0.00000000e+00
G4,0.52534384,1.00000000,4.74656165e-01,4.74656165e-01,0.00000000e+00
G4,0.12775762,1.00000000,8.72242391e-01,8.72242391e-01,0.00000000e+00
G4,0.53269231,1.00000000,4.67307687e-01,4.67307687e-01,0.00000000e+00
G4,0.57090211,1.00000000,4.29097891e-01,4.29097891e-01,0.00000000e+00
G4,0.48424450,1.00000000,5.15755534e-01,5.15755534e-01,0.00000000e+00
G4,0.62226182,1.00000000,3.77738178e-01,3.77738178e-01,0.00000000e+00
G4,0.43522060,1.00000000,5.64779401e-01,5.64779401e-01,0.00000000e+00
G4,0.54544365,1.00000000,4.54556346e-01,4.54556346e-01,0.00000000e+00
G4,0.84434789,1.00000000,1.55652106e-01,1.55652106e-01,0.00000000e+00
G4,0.29360953,1.00000000,7.06390500e-01,7.06390500e-01,0.00000000e+00
G4,0.87576956,1.00000000,1.24230444e-01,1.24230444e-01,0.00000000e+00
G4,0.60111171,1.00000000,3.98888290e-01,3.98888290e-01,0.00000000e+00
G4,0.69454294,1.00000000,3.05457056e-01,3.05457056e-01,0.00000000e+00
G4,0.58588785,1.00000000,4.14112151e-01,4.14112151e-01,0.00000000e+00
G4,0.36873743,1.00000000,6.31262541e-01,6.31262541e-01,0.00000000e+00
G4,0.10723958,1.00000000,8.92760396e-01,8.92760396e-01,0.00000000e+00
G4,0.30423155,1.00000000,6.95768476e-01,6.95768476e-01,0.00000000e+00
G4,0.08719087,1.00000000,9.12809134e-01,9.12809134e-01,0.00000000e+00
G4,0.54967570,1.00000000,4.50324297e-01,4.50324297e-01,0.00000000e+00
G4,0.08063158,1.00000000,9.19368446e-01,9.19368446e-01,0.00000000e+00
G4,0.13653632,1.00000000,8.63463700e-01,8.63463700e-01,0.00000000e+00
G4,0.25609568,1.00000000,7.43904352e-01,7.43904352e-01,0.00000000e+00
G4,0.97764766,1.00000000,2.23523378e-02,2.23523378e-02,0.00000000e+00
G4,0.32309839,1.00000000,6.76901579e-01,6.76901579e-01,0.00000000e+00
G4,0.18293367,1.00000000,8.17066312e-01,8.17066312e-01,0.00000000e+00
G4,0.01757897,1.00000000,9.82421041e-01,9.82421041e-01,0.00000000e+00
G4,0.09869768,1.00000000,9.01302338e-01,9.01302338e-01,0.00000000e+00
